42
25.8585
-83
-29.6531
312.042
0
1621183641
42
25.8585
-83
-29.6531
312.042
0
1621183641
42
25.8585
-83
-29.6531
312.042
0
1621183641
42
25.8585
-83
-29.6531
312.042
0
1621183641
42
25.8585
-83
-29.6531
312.042
0
1621183642
42
25.8585
-83
-29.6531
311.55
0
1621183642
42
25.8585
-83
-29.6531
311.55
0
1621183642
42
25.8585
-83
-29.6531
311.55
0
1621183642
42
25.8585
-83
-29.6531
311.55
0
1621183642
42
25.8585
-83
-29.6531
311.55
0
1621183642
42
25.8585
-83
-29.6531
311.55
0
1621183642
42
25.8585
-83
-29.6531
311.55
0
1621183642
42
25.8585
-83
-29.6531
311.55
0
1621183642
42
25.8585
-83
-29.6532
311.55
0
1621183642
42
25.8585
-83
-29.6532
311.55
0
1621183643
42
25.8585
-83
-29.6532
313.111
0
1621183643
42
25.8585
-83
-29.6532
313.111
0
1621183643
42
25.8584
-83
-29.6532
313.111
0
1621183643
42
25.8584
-83
-29.6532
313.111
0
1621183643
42
25.8584
-83
-29.6532
313.111
0
1621183643
42
25.8584
-83
-29.6532
313.111
0
1621183643
42
25.8584
-83
-29.6532
313.111
0
1621183643
42
25.8584
-83
-29.6532
313.111
0
1621183643
42
25.8584
-83
-29.6532
313.111
0
1621183644
42
25.8584
-83
-29.6532
316.872
0
1621183644
42
25.8584
-83
-29.6532
316.872
0
1621183644
42
25.8584
-83
-29.6532
316.872
0
1621183644
42
25.8584
-83
-29.6532
316.872
0
1621183644
42
25.8584
-83
-29.6532
316.872
0
1621183644
42
25.8584
-83
-29.6532
316.872
0
1621183644
42
25.8584
-83
-29.6532
316.872
0
1621183644
42
25.8584
-83
-29.6532
316.872
0
1621183644
42
25.8584
-83
-29.6532
316.872
0
1621183644
42
25.8584
-83
-29.6532
316.872
0
1621183645
42
25.8584
-83
-29.6532
319.262
0
1621183645
42
25.8584
-83
-29.6532
319.262
0
1621183645
42
25.8584
-83
-29.6532
319.262
0
1621183645
42
25.8584
-83
-29.6532
319.262
0
1621183645
42
25.8584
-83
-29.6532
319.262
0
1621183645
42
25.8584
-83
-29.6532
319.262
0
1621183645
42
25.8584
-83
-29.6533
319.262
0
1621183645
42
25.8584
-83
-29.6533
319.262
0
1621183645
42
25.8584
-83
-29.6533
319.262
0
1621183646
42
25.8584
-83
-29.6533
338.022
0
1621183646
42
25.8584
-83
-29.6533
338.022
0
1621183646
42
25.8584
-83
-29.6533
338.022
0
1621183646
42
25.8584
-83
-29.6533
338.022
0
1621183646
42
25.8584
-83
-29.6533
338.022
0
1621183646
42
25.8584
-83
-29.6533
338.022
0
1621183646
42
25.8584
-83
-29.6533
338.022
0
1621183646
42
25.8584
-83
-29.6533
338.022
0
1621183646
42
25.8584
-83
-29.6533
338.022
0
1621183646
42
25.8584
-83
-29.6533
338.022
0
1621183647
42
25.8584
-83
-29.6533
336.743
0
1621183647
42
25.8584
-83
-29.6533
336.743
0
1621183647
42
25.8584
-83
-29.6533
336.743
0
1621183647
42
25.8584
-83
-29.6533
336.743
0
1621183647
42
25.8584
-83
-29.6533
336.743
0
1621183647
42
25.8584
-83
-29.6533
336.743
0
1621183647
42
25.8584
-83
-29.6533
336.743
0
1621183647
42
25.8584
-83
-29.6533
336.743
0
1621183647
42
25.8584
-83
-29.6533
336.743
0
1621183648
42
25.8584
-83
-29.6533
339.596
0
1621183648
42
25.8584
-83
-29.6533
339.596
0
1621183648
42
25.8584
-83
-29.6533
339.596
0
1621183648
42
25.8584
-83
-29.6533
339.596
0
1621183648
42
25.8584
-83
-29.6533
339.596
0
1621183648
42
25.8584
-83
-29.6533
339.596
0
1621183648
42
25.8584
-83
-29.6533
339.596
0
1621183648
42
25.8584
-83
-29.6533
339.596
0
1621183648
42
25.8584
-83
-29.6533
339.596
0
1621183649
42
25.8584
-83
-29.6533
339.596
0
1621183649
42
25.8584
-83
-29.6534
332.908
0
1621183649
42
25.8584
-83
-29.6534
332.908
0
1621183649
42
25.8584
-83
-29.6534
332.908
0
1621183649
42
25.8584
-83
-29.6534
332.908
0
1621183649
42
25.8584
-83
-29.6534
332.908
0
1621183649
42
25.8584
-83
-29.6534
332.908
0
1621183649
42
25.8584
-83
-29.6534
332.908
0
1621183649
42
25.8584
-83
-29.6534
332.908
0
1621183649
42
25.8584
-83
-29.6534
332.908
0
1621183650
42
25.8584
-83
-29.6534
330.96
0
1621183650
42
25.8584
-83
-29.6534
330.96
0
1621183650
42
25.8584
-83
-29.6534
330.96
0
1621183650
42
25.8584
-83
-29.6534
330.96
0
1621183650
42
25.8584
-83
-29.6534
330.96
0
1621183650
42
25.8584
-83
-29.6534
330.96
0
1621183650
42
25.8584
-83
-29.6534
330.96
0
1621183650
42
25.8584
-83
-29.6534
330.96
0
1621183650
42
25.8584
-83
-29.6534
330.96
0
1621183651
42
25.8584
-83
-29.6534
330.96
0
1621183651
42
25.8584
-83
-29.6534
318.124
0
1621183651
42
25.8584
-83
-29.6534
318.124
0
1621183651
42
25.8584
-83
-29.6534
318.124
0
1621183651
42
25.8584
-83
-29.6534
318.124
0
1621183651
42
25.8584
-83
-29.6534
318.124
0
1621183651
42
25.8584
-83
-29.6534
318.124
0
1621183651
42
25.8584
-83
-29.6534
318.124
0
1621183651
42
25.8584
-83
-29.6534
318.124
0
1621183651
42
25.8584
-83
-29.6534
318.124
0
1621183652
42
25.8584
-83
-29.6534
285.039
0
1621183652
42
25.8584
-83
-29.6534
285.039
0
1621183652
42
25.8584
-83
-29.6534
285.039
0
1621183652
42
25.8584
-83
-29.6534
285.039
0
1621183652
42
25.8584
-83
-29.6534
285.039
0
1621183652
42
25.8584
-83
-29.6534
285.039
0
1621183652
42
25.8584
-83
-29.6534
285.039
0
1621183652
42
25.8584
-83
-29.6534
285.039
0
1621183652
42
25.8584
-83
-29.6534
285.039
0
1621183653
42
25.8584
-83
-29.6534
285.039
0
1621183653
42
25.8584
-83
-29.6534
269.188
0
1621183653
42
25.8584
-83
-29.6534
269.188
0
1621183653
42
25.8584
-83
-29.6534
269.188
0
1621183653
42
25.8584
-83
-29.6534
269.188
0
1621183653
42
25.8584
-83
-29.6534
269.188
0
1621183653
42
25.8584
-83
-29.6534
269.188
0
1621183653
42
25.8584
-83
-29.6534
269.188
0
1621183653
42
25.8584
-83
-29.6534
269.188
0
1621183653
42
25.8584
-83
-29.6534
269.188
0
1621183654
42
25.8584
-83
-29.6534
286.665
0
1621183654
42
25.8584
-83
-29.6534
286.665
0
1621183654
42
25.8584
-83
-29.6534
286.665
0
1621183654
42
25.8584
-83
-29.6534
286.665
0
1621183654
42
25.8584
-83
-29.6534
286.665
0
1621183654
42
25.8584
-83
-29.6534
286.665
0
1621183654
42
25.8584
-83
-29.6534
286.665
0
1621183654
42
25.8584
-83
-29.6534
286.665
0
1621183654
42
25.8584
-83
-29.6534
286.665
0
1621183655
42
25.8584
-83
-29.6534
286.665
0
1621183655
42
25.8584
-83
-29.6534
285.013
0
1621183655
42
25.8584
-83
-29.6534
285.013
0
1621183655
42
25.8584
-83
-29.6534
285.013
0
1621183655
42
25.8584
-83
-29.6534
285.013
0
1621183655
42
25.8584
-83
-29.6534
285.013
0
1621183655
42
25.8584
-83
-29.6534
285.013
0
1621183655
42
25.8584
-83
-29.6534
285.013
0
1621183655
42
25.8584
-83
-29.6534
285.013
0
1621183655
42
25.8584
-83
-29.6534
285.013
0
1621183656
42
25.8584
-83
-29.6534
285.087
0
1621183656
42
25.8584
-83
-29.6534
285.087
0
1621183656
42
25.8584
-83
-29.6534
285.087
0
1621183656
42
25.8584
-83
-29.6534
285.087
0
1621183656
42
25.8584
-83
-29.6534
285.087
0
1621183656
42
25.8584
-83
-29.6534
285.087
0
1621183656
42
25.8584
-83
-29.6534
285.087
0
1621183656
42
25.8584
-83
-29.6534
285.087
0
1621183656
42
25.8584
-83
-29.6534
285.087
0
1621183657
42
25.8584
-83
-29.6534
285.087
0
1621183657
42
25.8584
-83
-29.6534
278.2
0
1621183657
42
25.8584
-83
-29.6534
278.2
0
1621183657
42
25.8584
-83
-29.6534
278.2
0
1621183657
42
25.8584
-83
-29.6534
278.2
0
1621183657
42
25.8584
-83
-29.6534
278.2
0
1621183657
42
25.8584
-83
-29.6534
278.2
0
1621183657
42
25.8584
-83
-29.6535
278.2
0
1621183657
42
25.8584
-83
-29.6535
278.2
0
1621183657
42
25.8584
-83
-29.6535
278.2
0
1621183658
42
25.8583
-83
-29.6535
267.24
0
1621183658
42
25.8583
-83
-29.6535
267.24
0
1621183658
42
25.8583
-83
-29.6535
267.24
0
1621183658
42
25.8583
-83
-29.6535
267.24
0
1621183658
42
25.8583
-83
-29.6535
267.24
0
1621183658
42
25.8583
-83
-29.6535
267.24
0
1621183658
42
25.8583
-83
-29.6535
267.24
0
1621183658
42
25.8583
-83
-29.6535
267.24
0
1621183658
42
25.8583
-83
-29.6535
267.24
0
1621183659
42
25.8583
-83
-29.6535
267.24
0
1621183659
42
25.8583
-83
-29.6535
280.29
0
1621183659
42
25.8583
-83
-29.6535
280.29
0
1621183659
42
25.8583
-83
-29.6535
280.29
0
1621183659
42
25.8583
-83
-29.6535
280.29
0
1621183659
42
25.8583
-83
-29.6535
280.29
0
1621183659
42
25.8583
-83
-29.6535
280.29
0
1621183659
42
25.8583
-83
-29.6535
280.29
0
1621183659
42
25.8583
-83
-29.6535
280.29
0
1621183659
42
25.8583
-83
-29.6535
280.29
0
1621183660
42
25.8583
-83
-29.6535
275.484
0
1621183660
42
25.8583
-83
-29.6535
275.484
0
1621183660
42
25.8583
-83
-29.6535
275.484
0
1621183660
42
25.8583
-83
-29.6535
275.484
0
1621183660
42
25.8583
-83
-29.6535
275.484
0
1621183660
42
25.8583
-83
-29.6535
275.484
0
1621183660
42
25.8583
-83
-29.6535
275.484
0
1621183660
42
25.8583
-83
-29.6535
275.484
0
1621183660
42
25.8583
-83
-29.6535
275.484
0
1621183661
42
25.8583
-83
-29.6535
275.484
0
1621183661
42
25.8583
-83
-29.6535
273.691
0
1621183661
42
25.8583
-83
-29.6535
273.691
0
1621183661
42
25.8583
-83
-29.6535
273.691
0
1621183661
42
25.8583
-83
-29.6535
273.691
0
1621183661
42
25.8583
-83
-29.6535
273.691
0
1621183661
42
25.8583
-83
-29.6535
273.691
0
1621183661
42
25.8583
-83
-29.6535
273.691
0
1621183661
42
25.8583
-83
-29.6535
273.691
0
1621183661
42
25.8583
-83
-29.6536
273.691
0
1621183662
42
25.8583
-83
-29.6536
265.996
0
1621183662
42
25.8583
-83
-29.6536
265.996
0
1621183662
42
25.8583
-83
-29.6536
265.996
0
1621183662
42
25.8583
-83
-29.6536
265.996
0
1621183662
42
25.8583
-83
-29.6536
265.996
0
1621183662
42
25.8583
-83
-29.6536
265.996
0
1621183662
42
25.8583
-83
-29.6536
265.996
0
1621183662
42
25.8583
-83
-29.6536
265.996
0
1621183662
42
25.8583
-83
-29.6536
265.996
0
1621183663
42
25.8583
-83
-29.6536
265.996
0
1621183663
42
25.8583
-83
-29.6536
276.83
0
1621183663
42
25.8583
-83
-29.6536
276.83
0
1621183663
42
25.8583
-83
-29.6536
276.83
0
1621183663
42
25.8583
-83
-29.6536
276.83
0
1621183663
42
25.8583
-83
-29.6536
276.83
0
1621183663
42
25.8583
-83
-29.6536
276.83
0
1621183663
42
25.8583
-83
-29.6536
276.83
0
1621183663
42
25.8583
-83
-29.6536
276.83
0
1621183663
42
25.8583
-83
-29.6536
276.83
0
1621183664
42
25.8583
-83
-29.6536
281.001
0
1621183664
42
25.8583
-83
-29.6536
281.001
0
1621183664
42
25.8583
-83
-29.6536
281.001
0
1621183664
42
25.8583
-83
-29.6536
281.001
0
1621183664
42
25.8583
-83
-29.6536
281.001
0
1621183664
42
25.8583
-83
-29.6536
281.001
0
1621183664
42
25.8583
-83
-29.6536
281.001
0
1621183664
42
25.8583
-83
-29.6536
281.001
0
1621183664
42
25.8583
-83
-29.6536
281.001
0
1621183665
42
25.8583
-83
-29.6536
281.001
0
1621183665
42
25.8583
-83
-29.6536
283.646
0
1621183665
42
25.8583
-83
-29.6536
283.646
0
1621183665
42
25.8583
-83
-29.6536
283.646
0
1621183665
42
25.8583
-83
-29.6536
283.646
0
1621183665
42
25.8583
-83
-29.6536
283.646
0
1621183665
42
25.8583
-83
-29.6536
283.646
0
1621183665
42
25.8583
-83
-29.6536
283.646
0
1621183665
42
25.8583
-83
-29.6536
283.646
0
1621183665
42
25.8583
-83
-29.6536
283.646
0
1621183666
42
25.8583
-83
-29.6536
279.631
0
1621183666
42
25.8583
-83
-29.6536
279.631
0
1621183666
42
25.8583
-83
-29.6536
279.631
0
1621183666
42
25.8583
-83
-29.6536
279.631
0
1621183666
42
25.8583
-83
-29.6536
279.631
0
1621183666
42
25.8583
-83
-29.6536
279.631
0
1621183666
42
25.8583
-83
-29.6536
279.631
0
1621183666
42
25.8583
-83
-29.6536
279.631
0
1621183666
42
25.8583
-83
-29.6536
279.631
0
1621183667
42
25.8583
-83
-29.6536
279.631
0
1621183667
42
25.8583
-83
-29.6537
286.26
0
1621183667
42
25.8583
-83
-29.6537
286.26
0
1621183667
42
25.8583
-83
-29.6537
286.26
0
1621183667
42
25.8583
-83
-29.6537
286.26
0
1621183667
42
25.8583
-83
-29.6537
286.26
0
1621183667
42
25.8583
-83
-29.6537
286.26
0
1621183667
42
25.8583
-83
-29.6537
286.26
0
1621183667
42
25.8583
-83
-29.6537
286.26
0
1621183668
42
25.8583
-83
-29.6537
286.26
0
1621183668
42
25.8583
-83
-29.6537
291.312
0
1621183668
42
25.8583
-83
-29.6537
291.312
0
1621183668
42
25.8583
-83
-29.6537
291.312
0
1621183668
42
25.8583
-83
-29.6537
291.312
0
1621183668
42
25.8583
-83
-29.6537
291.312
0
1621183668
42
25.8583
-83
-29.6537
291.312
0
1621183668
42
25.8583
-83
-29.6537
291.312
0
1621183668
42
25.8583
-83
-29.6537
291.312
0
1621183668
42
25.8583
-83
-29.6537
291.312
0
1621183669
42
25.8583
-83
-29.6537
291.312
0
1621183669
42
25.8583
-83
-29.6537
305.344
0
1621183669
42
25.8583
-83
-29.6537
305.344
0
1621183669
42
25.8583
-83
-29.6537
305.344
0
1621183669
42
25.8583
-83
-29.6537
305.344
0
1621183669
42
25.8583
-83
-29.6537
305.344
0
1621183669
42
25.8583
-83
-29.6537
305.344
0
1621183669
42
25.8583
-83
-29.6537
305.344
0
1621183669
42
25.8583
-83
-29.6537
305.344
0
1621183670
42
25.8583
-83
-29.6537
305.344
0
1621183670
42
25.8583
-83
-29.6537
310.541
0
1621183670
42
25.8583
-83
-29.6537
310.541
0
1621183670
42
25.8582
-83
-29.6537
310.541
0
1621183670
42
25.8582
-83
-29.6537
310.541
0
1621183670
42
25.8582
-83
-29.6537
310.541
0
1621183670
42
25.8582
-83
-29.6537
310.541
0
1621183670
42
25.8582
-83
-29.6537
310.541
0
1621183670
42
25.8582
-83
-29.6537
310.541
0
1621183670
42
25.8582
-83
-29.6537
310.541
0
1621183671
42
25.8582
-83
-29.6537
310.541
0
1621183671
42
25.8582
-83
-29.6537
307.131
0
1621183671
42
25.8582
-83
-29.6537
307.131
0
1621183671
42
25.8582
-83
-29.6537
307.131
0
1621183671
42
25.8582
-83
-29.6537
307.131
0
1621183671
42
25.8582
-83
-29.6537
307.131
0
1621183671
42
25.8582
-83
-29.6537
307.131
0
1621183671
42
25.8582
-83
-29.6537
307.131
0
1621183671
42
25.8582
-83
-29.6537
307.131
0
1621183672
42
25.8582
-83
-29.6537
307.131
0
1621183672
42
25.8582
-83
-29.6538
317.156
0
1621183672
42
25.8582
-83
-29.6538
317.156
0
1621183672
42
25.8582
-83
-29.6538
317.156
0
1621183672
42
25.8582
-83
-29.6538
317.156
0
1621183672
42
25.8582
-83
-29.6538
317.156
0
1621183672
42
25.8582
-83
-29.6538
317.156
0
1621183672
42
25.8582
-83
-29.6538
317.156
0
1621183672
42
25.8582
-83
-29.6538
317.156
0
1621183672
42
25.8582
-83
-29.6538
317.156
0
1621183673
42
25.8582
-83
-29.6538
317.156
0
1621183673
42
25.8582
-83
-29.6538
309.601
0
1621183673
42
25.8582
-83
-29.6538
309.601
0
1621183673
42
25.8582
-83
-29.6538
309.601
0
1621183673
42
25.8582
-83
-29.6538
309.601
0
1621183673
42
25.8582
-83
-29.6538
309.601
0
1621183673
42
25.8582
-83
-29.6538
309.601
0
1621183673
42
25.8582
-83
-29.6538
309.601
0
1621183673
42
25.8581
-83
-29.6538
309.601
0
1621183674
42
25.8581
-83
-29.6538
309.601
0
1621183674
42
25.8581
-83
-29.6538
287.707
0
1621183674
42
25.8581
-83
-29.6538
287.707
0
1621183674
42
25.8581
-83
-29.6538
287.707
0
1621183674
42
25.8581
-83
-29.6538
287.707
0
1621183674
42
25.8581
-83
-29.6538
287.707
0
1621183674
42
25.8581
-83
-29.6538
287.707
0
1621183674
42
25.8581
-83
-29.6538
287.707
0
1621183674
42
25.8581
-83
-29.6538
287.707
0
1621183674
42
25.8581
-83
-29.6538
287.707
0
1621183675
42
25.8581
-83
-29.6538
287.707
0
1621183675
42
25.8581
-83
-29.6538
270.877
0
1621183675
42
25.8581
-83
-29.6538
270.877
0
1621183675
42
25.8581
-83
-29.6538
270.877
0
1621183675
42
25.8581
-83
-29.6538
270.877
0
1621183675
42
25.8581
-83
-29.6538
270.877
0
1621183675
42
25.8581
-83
-29.6538
270.877
0
1621183675
42
25.8581
-83
-29.6538
270.877
0
1621183675
42
25.8581
-83
-29.6538
270.877
0
1621183676
42
25.8581
-83
-29.6538
270.877
0
1621183676
42
25.8581
-83
-29.6538
274.361
0
1621183676
42
25.8581
-83
-29.6538
274.361
0
1621183676
42
25.8581
-83
-29.6538
274.361
0
1621183676
42
25.8581
-83
-29.6538
274.361
0
1621183676
42
25.8581
-83
-29.6538
274.361
0
1621183676
42
25.8581
-83
-29.6538
274.361
0
1621183676
42
25.8581
-83
-29.6538
274.361
0
1621183676
42
25.8581
-83
-29.6539
274.361
0
1621183676
42
25.8581
-83
-29.6539
274.361
0
1621183677
42
25.8581
-83
-29.6539
274.361
0
1621183677
42
25.8581
-83
-29.6539
275.623
0
1621183677
42
25.8581
-83
-29.6539
275.623
0
1621183677
42
25.8581
-83
-29.6539
275.623
0
1621183677
42
25.8581
-83
-29.6539
275.623
0
1621183677
42
25.8581
-83
-29.6539
275.623
0
1621183677
42
25.8581
-83
-29.6539
275.623
0
1621183677
42
25.8581
-83
-29.6539
275.623
0
1621183677
42
25.8581
-83
-29.6539
275.623
0
1621183678
42
25.8581
-83
-29.6539
275.623
0
1621183678
42
25.8581
-83
-29.6539
275.623
0
1621183678
42
25.8581
-83
-29.6539
283.934
0
1621183678
42
25.8581
-83
-29.6539
283.934
0
1621183678
42
25.8581
-83
-29.6539
283.934
0
1621183678
42
25.8581
-83
-29.6539
283.934
0
1621183678
42
25.8581
-83
-29.6539
283.934
0
1621183678
42
25.8581
-83
-29.6539
283.934
0
1621183678
42
25.8581
-83
-29.6539
283.934
0
1621183678
42
25.8581
-83
-29.6539
283.934
0
1621183679
42
25.8581
-83
-29.6539
283.934
0
1621183679
42
25.8581
-83
-29.6539
301.621
0
1621183679
42
25.8581
-83
-29.6539
301.621
0
1621183679
42
25.8581
-83
-29.6539
301.621
0
1621183679
42
25.8581
-83
-29.6539
301.621
0
1621183679
42
25.8581
-83
-29.6539
301.621
0
1621183679
42
25.8581
-83
-29.6539
301.621
0
1621183679
42
25.8581
-83
-29.6539
301.621
0
1621183679
42
25.8581
-83
-29.6539
301.621
0
1621183680
42
25.8581
-83
-29.6539
301.621
0
1621183680
42
25.8581
-83
-29.6539
301.621
0
1621183680
42
25.8581
-83
-29.6539
326.457
0
1621183680
42
25.8581
-83
-29.6539
326.457
0
1621183680
42
25.8581
-83
-29.6539
326.457
0
1621183680
42
25.8581
-83
-29.6539
326.457
0
1621183680
42
25.8581
-83
-29.6539
326.457
0
1621183680
42
25.8581
-83
-29.6539
326.457
0
1621183680
42
25.8581
-83
-29.6539
326.457
0
1621183680
42
25.8581
-83
-29.6539
326.457
0
1621183681
42
25.8581
-83
-29.6539
326.457
0
1621183681
42
25.8581
-83
-29.6539
324.23
0
1621183681
42
25.8581
-83
-29.6539
324.23
0
1621183681
42
25.8581
-83
-29.6539
324.23
0
1621183681
42
25.8581
-83
-29.654
324.23
0
1621183681
42
25.8581
-83
-29.654
324.23
0
1621183681
42
25.8581
-83
-29.654
324.23
0
1621183681
42
25.8581
-83
-29.654
324.23
0
1621183681
42
25.8581
-83
-29.654
324.23
0
1621183682
42
25.8581
-83
-29.654
324.23
0
1621183682
42
25.8581
-83
-29.654
324.835
0
1621183682
42
25.8581
-83
-29.654
324.835
0
1621183682
42
25.8581
-83
-29.654
324.835
0
1621183682
42
25.8581
-83
-29.654
324.835
0
1621183682
42
25.8581
-83
-29.654
324.835
0
1621183682
42
25.8581
-83
-29.654
324.835
0
1621183682
42
25.8581
-83
-29.654
324.835
0
1621183682
42
25.8581
-83
-29.654
324.835
0
1621183682
42
25.8581
-83
-29.654
324.835
0
1621183683
42
25.8581
-83
-29.654
324.835
0
1621183683
42
25.8581
-83
-29.654
318.708
0
1621183683
42
25.8581
-83
-29.654
318.708
0
1621183683
42
25.8581
-83
-29.654
318.708
0
1621183683
42
25.8581
-83
-29.654
318.708
0
1621183683
42
25.8581
-83
-29.654
318.708
0
1621183683
42
25.8581
-83
-29.654
318.708
0
1621183683
42
25.8581
-83
-29.654
318.708
0
1621183683
42
25.8581
-83
-29.654
318.708
0
1621183684
42
25.8581
-83
-29.654
318.708
0
1621183684
42
25.8581
-83
-29.654
301.223
0
1621183684
42
25.8581
-83
-29.654
301.223
0
1621183684
42
25.8581
-83
-29.654
301.223
0
1621183684
42
25.8581
-83
-29.654
301.223
0
1621183684
42
25.8581
-83
-29.654
301.223
0
1621183684
42
25.8581
-83
-29.654
301.223
0
1621183684
42
25.8581
-83
-29.654
301.223
0
1621183684
42
25.8581
-83
-29.654
301.223
0
1621183684
42
25.8581
-83
-29.654
301.223
0
1621183685
42
25.8581
-83
-29.654
301.223
0
1621183685
42
25.8581
-83
-29.654
315.042
0
1621183685
42
25.8581
-83
-29.654
315.042
0
1621183685
42
25.8581
-83
-29.654
315.042
0
1621183685
42
25.8581
-83
-29.6539
315.042
0
1621183685
42
25.8581
-83
-29.6539
315.042
0
1621183685
42
25.8581
-83
-29.6539
315.042
0
1621183685
42
25.8581
-83
-29.6539
315.042
0
1621183685
42
25.8581
-83
-29.6539
315.042
0
1621183686
42
25.8581
-83
-29.6539
315.042
0
1621183686
42
25.8581
-83
-29.6539
315.042
0
1621183686
42
25.8581
-83
-29.6539
284.064
0
1621183686
42
25.8581
-83
-29.6539
284.064
0
1621183686
42
25.8581
-83
-29.6539
284.064
0
1621183686
42
25.8581
-83
-29.6539
284.064
0
1621183686
42
25.8581
-83
-29.6539
284.064
0
1621183686
42
25.8581
-83
-29.6539
284.064
0
1621183686
42
25.8581
-83
-29.6539
284.064
0
1621183686
42
25.8581
-83
-29.6539
284.064
0
1621183687
42
25.8581
-83
-29.6539
284.064
0
1621183687
42
25.8581
-83
-29.6539
266.586
0
1621183687
42
25.8581
-83
-29.6539
266.586
0
1621183687
42
25.8581
-83
-29.6539
266.586
0
1621183687
42
25.8581
-83
-29.6539
266.586
0
1621183687
42
25.8581
-83
-29.6539
266.586
0
1621183687
42
25.8581
-83
-29.6539
266.586
0
1621183687
42
25.8581
-83
-29.6539
266.586
0
1621183687
42
25.8581
-83
-29.6539
266.586
0
1621183688
42
25.8581
-83
-29.6539
266.586
0
1621183688
42
25.8581
-83
-29.6539
266.586
0
1621183688
42
25.8581
-83
-29.6539
262.524
0
1621183688
42
25.8581
-83
-29.6539
262.524
0
1621183688
42
25.8581
-83
-29.6539
262.524
0
1621183688
42
25.8581
-83
-29.6539
262.524
0
1621183688
42
25.8581
-83
-29.6539
262.524
0
1621183688
42
25.8581
-83
-29.6539
262.524
0
1621183688
42
25.8581
-83
-29.6539
262.524
0
1621183688
42
25.8581
-83
-29.6539
262.524
0
1621183689
42
25.8581
-83
-29.6539
262.524
0
1621183689
42
25.8581
-83
-29.6539
257.311
0
1621183689
42
25.8581
-83
-29.6539
257.311
0
1621183689
42
25.8581
-83
-29.6539
257.311
0
1621183689
42
25.8581
-83
-29.6539
257.311
0
1621183689
42
25.8581
-83
-29.6539
257.311
0
1621183689
42
25.8581
-83
-29.6539
257.311
0
1621183689
42
25.8581
-83
-29.6539
257.311
0
1621183689
42
25.8581
-83
-29.6539
257.311
0
1621183690
42
25.8581
-83
-29.6539
257.311
0
1621183690
42
25.8581
-83
-29.6539
257.311
0
1621183690
42
25.8581
-83
-29.6539
249.888
0
1621183690
42
25.8581
-83
-29.6539
249.888
0
1621183690
42
25.8581
-83
-29.6539
249.888
0
1621183690
42
25.8581
-83
-29.6539
249.888
0
1621183690
42
25.8581
-83
-29.6539
249.888
0
1621183690
42
25.8581
-83
-29.6539
249.888
0
1621183690
42
25.8581
-83
-29.6539
249.888
0
1621183690
42
25.8581
-83
-29.6539
249.888
0
1621183691
42
25.8581
-83
-29.6539
249.888
0
1621183691
42
25.8581
-83
-29.6539
251.703
0
1621183691
42
25.8581
-83
-29.6539
251.703
0
1621183691
42
25.8581
-83
-29.6539
251.703
0
1621183691
42
25.8581
-83
-29.6539
251.703
0
1621183691
42
25.8581
-83
-29.6539
251.703
0
1621183691
42
25.8581
-83
-29.6539
251.703
0
1621183691
42
25.8581
-83
-29.6539
251.703
0
1621183691
42
25.8581
-83
-29.6539
251.703
0
1621183692
42
25.8581
-83
-29.6539
251.703
0
1621183692
42
25.8581
-83
-29.6539
251.703
0
1621183692
42
25.8581
-83
-29.6539
237.189
0
1621183692
42
25.8581
-83
-29.6539
237.189
0
1621183692
42
25.8581
-83
-29.6539
237.189
0
1621183692
42
25.8581
-83
-29.6539
237.189
0
1621183692
42
25.8581
-83
-29.6539
237.189
0
1621183692
42
25.8581
-83
-29.6539
237.189
0
1621183692
42
25.8581
-83
-29.6539
237.189
0
1621183693
42
25.8581
-83
-29.6539
237.189
0
1621183693
42
25.8582
-83
-29.6539
237.189
0
1621183693
42
25.8582
-83
-29.6539
232.238
0
1621183693
42
25.8582
-83
-29.6539
232.238
0
1621183693
42
25.8582
-83
-29.6539
232.238
0
1621183693
42
25.8582
-83
-29.6539
232.238
0
1621183693
42
25.8582
-83
-29.6539
232.238
0
1621183693
42
25.8582
-83
-29.6539
232.238
0
1621183693
42
25.8582
-83
-29.6539
232.238
0
1621183693
42
25.8582
-83
-29.6539
232.238
0
1621183694
42
25.8582
-83
-29.6539
232.238
0
1621183694
42
25.8582
-83
-29.6539
232.238
0
1621183694
42
25.8582
-83
-29.654
235.314
0
1621183694
42
25.8582
-83
-29.654
235.314
0
1621183694
42
25.8582
-83
-29.654
235.314
0
1621183694
42
25.8582
-83
-29.654
235.314
0
1621183694
42
25.8582
-83
-29.654
235.314
0
1621183694
42
25.8582
-83
-29.654
235.314
0
1621183694
42
25.8582
-83
-29.654
235.314
0
1621183695
42
25.8582
-83
-29.654
235.314
0
1621183695
42
25.8582
-83
-29.654
235.314
0
1621183695
42
25.8582
-83
-29.654
234.413
0
1621183695
42
25.8582
-83
-29.654
234.413
0
1621183695
42
25.8582
-83
-29.654
234.413
0
1621183695
42
25.8582
-83
-29.654
234.413
0
1621183695
42
25.8582
-83
-29.654
234.413
0
1621183695
42
25.8582
-83
-29.654
234.413
0
1621183695
42
25.8582
-83
-29.654
234.413
0
1621183695
42
25.8582
-83
-29.654
234.413
0
1621183696
42
25.8582
-83
-29.654
234.413
0
1621183696
42
25.8582
-83
-29.654
232.062
0
1621183696
42
25.8582
-83
-29.654
232.062
0
1621183696
42
25.8582
-83
-29.654
232.062
0
1621183696
42
25.8582
-83
-29.654
232.062
0
1621183696
42
25.8582
-83
-29.654
232.062
0
1621183696
42
25.8582
-83
-29.654
232.062
0
1621183696
42
25.8582
-83
-29.6541
232.062
0
1621183696
42
25.8582
-83
-29.6541
232.062
0
1621183697
42
25.8582
-83
-29.6541
232.062
0
1621183697
42
25.8582
-83
-29.6541
232.062
0
1621183697
42
25.8582
-83
-29.6541
247.622
0
1621183697
42
25.8582
-83
-29.6541
247.622
0
1621183697
42
25.8582
-83
-29.6541
247.622
0
1621183697
42
25.8582
-83
-29.6541
247.622
0
1621183697
42
25.8582
-83
-29.6541
247.622
0
1621183697
42
25.8582
-83
-29.6541
247.622
0
1621183697
42
25.8582
-83
-29.6541
247.622
0
1621183697
42
25.8582
-83
-29.6541
247.622
0
1621183698
42
25.8582
-83
-29.6541
247.622
0
1621183698
42
25.8582
-83
-29.6541
247.622
0
1621183698
42
25.8582
-83
-29.6541
264.298
0
1621183698
42
25.8582
-83
-29.6541
264.298
0
1621183698
42
25.8582
-83
-29.6541
264.298
0
1621183698
42
25.8582
-83
-29.6541
264.298
0
1621183698
42
25.8582
-83
-29.6541
264.298
0
1621183698
42
25.8582
-83
-29.6541
264.298
0
1621183698
42
25.8582
-83
-29.6541
264.298
0
1621183699
42
25.8583
-83
-29.6541
264.298
0
1621183699
42
25.8583
-83
-29.6541
264.298
0
1621183699
42
25.8583
-83
-29.6541
284.954
0
1621183699
42
25.8583
-83
-29.6541
284.954
0
1621183699
42
25.8583
-83
-29.6541
284.954
0
1621183699
42
25.8583
-83
-29.6541
284.954
0
1621183699
42
25.8583
-83
-29.6541
284.954
0
1621183699
42
25.8583
-83
-29.6541
284.954
0
1621183699
42
25.8583
-83
-29.6541
284.954
0
1621183699
42
25.8583
-83
-29.6541
284.954
0
1621183700
42
25.8583
-83
-29.6541
284.954
0
1621183700
42
25.8583
-83
-29.6541
300.64
0
1621183700
42
25.8583
-83
-29.6541
300.64
0
1621183700
42
25.8583
-83
-29.6541
300.64
0
1621183700
42
25.8583
-83
-29.6541
300.64
0
1621183700
42
25.8583
-83
-29.6541
300.64
0
1621183700
42
25.8583
-83
-29.6541
300.64
0
1621183700
42
25.8583
-83
-29.6541
300.64
0
1621183700
42
25.8583
-83
-29.6541
300.64
0
1621183701
42
25.8583
-83
-29.6541
300.64
0
1621183701
42
25.8583
-83
-29.6541
300.64
0
1621183701
42
25.8583
-83
-29.6541
322.077
0
1621183701
42
25.8583
-83
-29.6541
322.077
0
1621183701
42
25.8583
-83
-29.6541
322.077
0
1621183701
42
25.8583
-83
-29.6541
322.077
0
1621183701
42
25.8583
-83
-29.6541
322.077
0
1621183701
42
25.8583
-83
-29.6541
322.077
0
1621183701
42
25.8583
-83
-29.6541
322.077
0
1621183701
42
25.8583
-83
-29.6541
322.077
0
1621183702
42
25.8583
-83
-29.6541
322.077
0
1621183702
42
25.8583
-83
-29.6541
322.077
0
1621183702
42
25.8583
-83
-29.6541
351.222
0
1621183702
42
25.8583
-83
-29.6541
351.222
0
1621183702
42
25.8583
-83
-29.654
351.222
0
1621183702
42
25.8583
-83
-29.654
351.222
0
1621183702
42
25.8583
-83
-29.654
351.222
0
1621183702
42
25.8583
-83
-29.654
351.222
0
1621183702
42
25.8583
-83
-29.654
351.222
0
1621183703
42
25.8583
-83
-29.654
351.222
0
1621183703
42
25.8583
-83
-29.654
351.222
0
1621183703
42
25.8583
-83
-29.654
12.3439
0
1621183703
42
25.8583
-83
-29.654
12.3439
0
1621183703
42
25.8583
-83
-29.6541
12.3439
0
1621183703
42
25.8583
-83
-29.6541
12.3439
0
1621183703
42
25.8583
-83
-29.6541
12.3439
0
1621183703
42
25.8583
-83
-29.6541
12.3439
0
1621183703
42
25.8583
-83
-29.6541
12.3439
0
1621183703
42
25.8583
-83
-29.6541
12.3439
0
1621183704
42
25.8583
-83
-29.6541
12.3439
0
1621183704
42
25.8583
-83
-29.6541
29.6991
0
1621183704
42
25.8583
-83
-29.6541
29.6991
0
1621183704
42
25.8583
-83
-29.6541
29.6991
0
1621183704
42
25.8583
-83
-29.6541
29.6991
0
1621183704
42
25.8583
-83
-29.6541
29.6991
0
1621183704
42
25.8583
-83
-29.6541
29.6991
0
1621183704
42
25.8583
-83
-29.6541
29.6991
0
1621183704
42
25.8583
-83
-29.6541
29.6991
0
1621183705
42
25.8583
-83
-29.6541
29.6991
0
1621183705
42
25.8583
-83
-29.6541
29.6991
0
1621183705
42
25.8583
-83
-29.6541
37.2938
0
1621183705
42
25.8583
-83
-29.6541
37.2938
0
1621183705
42
25.8583
-83
-29.6541
37.2938
0
1621183705
42
25.8583
-83
-29.6541
37.2938
0
1621183705
42
25.8583
-83
-29.6541
37.2938
0
1621183705
42
25.8584
-83
-29.6541
37.2938
0
1621183705
42
25.8584
-83
-29.6541
37.2938
0
1621183706
42
25.8584
-83
-29.6541
37.2938
0
1621183706
42
25.8584
-83
-29.6541
37.2938
0
1621183706
42
25.8584
-83
-29.6541
47.6589
0
1621183706
42
25.8584
-83
-29.6541
47.6589
0
1621183706
42
25.8584
-83
-29.6541
47.6589
0
1621183706
42
25.8584
-83
-29.6541
47.6589
0
1621183706
42
25.8584
-83
-29.6541
47.6589
0
1621183706
42
25.8584
-83
-29.6541
47.6589
0
1621183706
42
25.8584
-83
-29.6541
47.6589
0
1621183706
42
25.8584
-83
-29.6541
47.6589
0
1621183707
42
25.8584
-83
-29.6541
47.6589
0
1621183707
42
25.8584
-83
-29.6541
47.6589
0
1621183707
42
25.8584
-83
-29.6541
51.3857
0
1621183707
42
25.8584
-83
-29.6541
51.3857
0
1621183707
42
25.8584
-83
-29.6541
51.3857
0
1621183707
42
25.8584
-83
-29.6541
51.3857
0
1621183707
42
25.8584
-83
-29.6541
51.3857
0
1621183707
42
25.8584
-83
-29.6541
51.3857
0
1621183707
42
25.8584
-83
-29.6541
51.3857
0
1621183708
42
25.8585
-83
-29.6541
51.3857
0
1621183708
42
25.8585
-83
-29.6541
51.3857
0
1621183708
42
25.8585
-83
-29.6541
50.3069
0
1621183708
42
25.8585
-83
-29.6541
50.3069
0
1621183708
42
25.8585
-83
-29.6541
50.3069
0
1621183708
42
25.8585
-83
-29.6542
50.3069
0
1621183708
42
25.8585
-83
-29.6542
50.3069
0
1621183708
42
25.8585
-83
-29.6542
50.3069
0
1621183708
42
25.8585
-83
-29.6542
50.3069
0
1621183708
42
25.8585
-83
-29.6542
50.3069
0
1621183709
42
25.8585
-83
-29.6542
50.3069
0
1621183709
42
25.8585
-83
-29.6542
50.3069
0
1621183709
42
25.8585
-83
-29.6542
50.2777
0
1621183709
42
25.8585
-83
-29.6542
50.2777
0
1621183709
42
25.8585
-83
-29.6542
50.2777
0
1621183709
42
25.8585
-83
-29.6542
50.2777
0
1621183709
42
25.8585
-83
-29.6542
50.2777
0
1621183709
42
25.8585
-83
-29.6542
50.2777
0
1621183709
42
25.8585
-83
-29.6542
50.2777
0
1621183710
42
25.8585
-83
-29.6542
50.2777
0
1621183710
42
25.8585
-83
-29.6542
50.2777
0
1621183710
42
25.8585
-83
-29.6542
50.8234
0
1621183710
42
25.8585
-83
-29.6542
50.8234
0
1621183710
42
25.8585
-83
-29.6542
50.8234
0
1621183710
42
25.8585
-83
-29.6542
50.8234
0
1621183710
42
25.8585
-83
-29.6542
50.8234
0
1621183710
42
25.8585
-83
-29.6542
50.8234
0
1621183710
42
25.8585
-83
-29.6542
50.8234
0
1621183710
42
25.8585
-83
-29.6542
50.8234
0
1621183711
42
25.8585
-83
-29.6542
50.8234
0
1621183711
42
25.8585
-83
-29.6542
50.8234
0
1621183711
42
25.8585
-83
-29.6542
50.3809
0
1621183711
42
25.8585
-83
-29.6542
50.3809
0
1621183711
42
25.8585
-83
-29.6543
50.3809
0
1621183711
42
25.8585
-83
-29.6543
50.3809
0
1621183711
42
25.8585
-83
-29.6543
50.3809
0
1621183711
42
25.8585
-83
-29.6543
50.3809
0
1621183711
42
25.8585
-83
-29.6543
50.3809
0
1621183712
42
25.8585
-83
-29.6543
50.3809
0
1621183712
42
25.8585
-83
-29.6543
50.3809
0
1621183712
42
25.8585
-83
-29.6543
47.2936
0
1621183712
42
25.8585
-83
-29.6543
47.2936
0
1621183712
42
25.8585
-83
-29.6543
47.2936
0
1621183712
42
25.8585
-83
-29.6543
47.2936
0
1621183712
42
25.8585
-83
-29.6543
47.2936
0
1621183712
42
25.8585
-83
-29.6543
47.2936
0
1621183712
42
25.8585
-83
-29.6543
47.2936
0
1621183712
42
25.8585
-83
-29.6543
47.2936
0
1621183713
42
25.8585
-83
-29.6543
47.2936
0
1621183713
42
25.8585
-83
-29.6543
47.2936
0
1621183713
42
25.8585
-83
-29.6543
51.2709
0
1621183713
42
25.8585
-83
-29.6543
51.2709
0
1621183713
42
25.8585
-83
-29.6543
51.2709
0
1621183713
42
25.8585
-83
-29.6543
51.2709
0
1621183713
42
25.8585
-83
-29.6543
51.2709
0
1621183713
42
25.8585
-83
-29.6543
51.2709
0
1621183713
42
25.8585
-83
-29.6543
51.2709
0
1621183714
42
25.8585
-83
-29.6543
51.2709
0
1621183714
42
25.8585
-83
-29.6543
51.2709
0
1621183714
42
25.8585
-83
-29.6543
53.0253
0
1621183714
42
25.8585
-83
-29.6543
53.0253
0
1621183714
42
25.8586
-83
-29.6543
53.0253
0
1621183714
42
25.8586
-83
-29.6543
53.0253
0
1621183714
42
25.8586
-83
-29.6543
53.0253
0
1621183714
42
25.8586
-83
-29.6543
53.0253
0
1621183714
42
25.8586
-83
-29.6543
53.0253
0
1621183715
42
25.8586
-83
-29.6543
53.0253
0
1621183715
42
25.8586
-83
-29.6543
53.0253
0
1621183715
42
25.8586
-83
-29.6543
53.0253
0
1621183715
42
25.8586
-83
-29.6543
50.0249
0
1621183715
42
25.8586
-83
-29.6543
50.0249
0
1621183715
42
25.8586
-83
-29.6543
50.0249
0
1621183715
42
25.8586
-83
-29.6543
50.0249
0
1621183715
42
25.8586
-83
-29.6543
50.0249
0
1621183715
42
25.8586
-83
-29.6543
50.0249
0
1621183715
42
25.8586
-83
-29.6543
50.0249
0
1621183716
42
25.8586
-83
-29.6543
50.0249
0
1621183716
42
25.8586
-83
-29.6543
50.0249
0
1621183716
42
25.8586
-83
-29.6543
51.3505
0
1621183716
42
25.8586
-83
-29.6543
51.3505
0
1621183716
42
25.8586
-83
-29.6543
51.3505
0
1621183716
42
25.8586
-83
-29.6543
51.3505
0
1621183716
42
25.8586
-83
-29.6543
51.3505
0
1621183716
42
25.8586
-83
-29.6543
51.3505
0
1621183716
42
25.8586
-83
-29.6543
51.3505
0
1621183717
42
25.8586
-83
-29.6543
51.3505
0
1621183717
42
25.8586
-83
-29.6543
51.3505
0
1621183717
42
25.8586
-83
-29.6543
51.3505
0
1621183717
42
25.8586
-83
-29.6543
51.9327
0
1621183717
42
25.8586
-83
-29.6543
51.9327
0
1621183717
42
25.8586
-83
-29.6543
51.9327
0
1621183717
42
25.8586
-83
-29.6543
51.9327
0
1621183717
42
25.8586
-83
-29.6543
51.9327
0
1621183717
42
25.8586
-83
-29.6543
51.9327
0
1621183717
42
25.8586
-83
-29.6543
51.9327
0
1621183718
42
25.8586
-83
-29.6543
51.9327
0
1621183718
42
25.8586
-83
-29.6543
51.9327
0
1621183718
42
25.8586
-83
-29.6543
50.6427
0
1621183718
42
25.8586
-83
-29.6543
50.6427
0
1621183718
42
25.8586
-83
-29.6543
50.6427
0
1621183718
42
25.8586
-83
-29.6543
50.6427
0
1621183718
42
25.8586
-83
-29.6543
50.6427
0
1621183718
42
25.8586
-83
-29.6543
50.6427
0
1621183718
42
25.8586
-83
-29.6543
50.6427
0
1621183718
42
25.8586
-83
-29.6543
50.6427
0
1621183719
42
25.8586
-83
-29.6543
50.6427
0
1621183719
42
25.8586
-83
-29.6543
50.6427
0
1621183719
42
25.8586
-83
-29.6543
51.5812
0
1621183719
42
25.8586
-83
-29.6543
51.5812
0
1621183719
42
25.8586
-83
-29.6543
51.5812
0
1621183719
42
25.8586
-83
-29.6543
51.5812
0
1621183719
42
25.8586
-83
-29.6543
51.5812
0
1621183719
42
25.8586
-83
-29.6543
51.5812
0
1621183719
42
25.8586
-83
-29.6543
51.5812
0
1621183720
42
25.8586
-83
-29.6543
51.5812
0
1621183720
42
25.8586
-83
-29.6543
51.5812
0
1621183720
42
25.8586
-83
-29.6543
50.3082
0
1621183720
42
25.8586
-83
-29.6543
50.3082
0
1621183720
42
25.8586
-83
-29.6543
50.3082
0
1621183720
42
25.8586
-83
-29.6543
50.3082
0
1621183720
42
25.8586
-83
-29.6543
50.3082
0
1621183720
42
25.8586
-83
-29.6543
50.3082
0
1621183720
42
25.8586
-83
-29.6543
50.3082
0
1621183720
42
25.8586
-83
-29.6543
50.3082
0
1621183721
42
25.8586
-83
-29.6543
50.3082
0
1621183721
42
25.8586
-83
-29.6543
50.3082
0
1621183721
42
25.8586
-83
-29.6543
50.4576
0
1621183721
42
25.8586
-83
-29.6543
50.4576
0
1621183721
42
25.8586
-83
-29.6543
50.4576
0
1621183721
42
25.8586
-83
-29.6543
50.4576
0
1621183721
42
25.8586
-83
-29.6543
50.4576
0
1621183721
42
25.8586
-83
-29.6543
50.4576
0
1621183721
42
25.8586
-83
-29.6543
50.4576
0
1621183722
42
25.8586
-83
-29.6543
50.4576
0
1621183722
42
25.8586
-83
-29.6543
50.4576
0
1621183722
42
25.8586
-83
-29.6543
55.1976
0
1621183722
42
25.8586
-83
-29.6543
55.1976
0
1621183722
42
25.8586
-83
-29.6543
55.1976
0
1621183722
42
25.8586
-83
-29.6543
55.1976
0
1621183722
42
25.8586
-83
-29.6543
55.1976
0
1621183722
42
25.8586
-83
-29.6543
55.1976
0
1621183722
42
25.8586
-83
-29.6543
55.1976
0
1621183723
42
25.8586
-83
-29.6543
55.1976
0
1621183723
42
25.8586
-83
-29.6543
55.1976
0
1621183723
42
25.8586
-83
-29.6543
55.1976
0
1621183723
42
25.8586
-83
-29.6543
49.1532
0
1621183723
42
25.8586
-83
-29.6543
49.1532
0
1621183723
42
25.8586
-83
-29.6543
49.1532
0
1621183723
42
25.8586
-83
-29.6543
49.1532
0
1621183723
42
25.8586
-83
-29.6543
49.1532
0
1621183723
42
25.8586
-83
-29.6543
49.1532
0
1621183723
42
25.8586
-83
-29.6543
49.1532
0
1621183724
42
25.8586
-83
-29.6543
49.1532
0
1621183724
42
25.8586
-83
-29.6543
49.1532
0
1621183724
42
25.8586
-83
-29.6543
34.9932
0
1621183724
42
25.8586
-83
-29.6543
34.9932
0
1621183724
42
25.8586
-83
-29.6543
34.9932
0
1621183724
42
25.8586
-83
-29.6543
34.9932
0
1621183724
42
25.8586
-83
-29.6543
34.9932
0
1621183724
42
25.8586
-83
-29.6543
34.9932
0
1621183724
42
25.8586
-83
-29.6543
34.9932
0
1621183725
42
25.8586
-83
-29.6543
34.9932
0
1621183725
42
25.8586
-83
-29.6543
34.9932
0
1621183725
42
25.8586
-83
-29.6543
27.9013
0
1621183725
42
25.8586
-83
-29.6543
27.9013
0
1621183725
42
25.8586
-83
-29.6543
27.9013
0
1621183725
42
25.8586
-83
-29.6543
27.9013
0
1621183725
42
25.8586
-83
-29.6543
27.9013
0
1621183725
42
25.8586
-83
-29.6543
27.9013
0
1621183725
42
25.8586
-83
-29.6543
27.9013
0
1621183726
42
25.8586
-83
-29.6543
27.9013
0
1621183726
42
25.8586
-83
-29.6543
27.9013
0
1621183726
42
25.8586
-83
-29.6543
27.9013
0
1621183726
42
25.8586
-83
-29.6543
20.3449
0
1621183726
42
25.8586
-83
-29.6542
20.3449
0
1621183726
42
25.8586
-83
-29.6542
20.3449
0
1621183726
42
25.8586
-83
-29.6542
20.3449
0
1621183726
42
25.8586
-83
-29.6542
20.3449
0
1621183726
42
25.8586
-83
-29.6542
20.3449
0
1621183726
42
25.8586
-83
-29.6542
20.3449
0
1621183727
42
25.8586
-83
-29.6542
20.3449
0
1621183727
42
25.8586
-83
-29.6542
20.3449
0
1621183727
42
25.8586
-83
-29.6542
4.46116
0
1621183727
42
25.8586
-83
-29.6542
4.46116
0
1621183727
42
25.8586
-83
-29.6542
4.46116
0
1621183727
42
25.8586
-83
-29.6542
4.46116
0
1621183727
42
25.8586
-83
-29.6542
4.46116
0
1621183727
42
25.8586
-83
-29.6542
4.46116
0
1621183727
42
25.8586
-83
-29.6542
4.46116
0
1621183727
42
25.8586
-83
-29.6542
4.46116
0
1621183728
42
25.8586
-83
-29.6542
4.46116
0
1621183728
42
25.8586
-83
-29.6541
4.46116
0
1621183728
42
25.8586
-83
-29.6541
350.803
0
1621183728
42
25.8585
-83
-29.6541
350.803
0
1621183728
42
25.8585
-83
-29.6541
350.803
0
1621183728
42
25.8585
-83
-29.6541
350.803
0
1621183728
42
25.8585
-83
-29.6541
350.803
0
1621183728
42
25.8585
-83
-29.6541
350.803
0
1621183728
42
25.8585
-83
-29.6541
350.803
0
1621183729
42
25.8585
-83
-29.6541
350.803
0
1621183729
42
25.8585
-83
-29.6541
350.803
0
1621183729
42
25.8585
-83
-29.6541
350.803
0
1621183729
42
25.8585
-83
-29.654
337.781
0
1621183729
42
25.8585
-83
-29.654
337.781
0
1621183729
42
25.8585
-83
-29.654
337.781
0
1621183729
42
25.8585
-83
-29.654
337.781
0
1621183729
42
25.8585
-83
-29.654
337.781
0
1621183729
42
25.8585
-83
-29.654
337.781
0
1621183730
42
25.8585
-83
-29.654
337.781
0
1621183730
42
25.8585
-83
-29.654
337.781
0
1621183730
42
25.8585
-83
-29.654
337.781
0
1621183730
42
25.8585
-83
-29.654
320.454
0
1621183730
42
25.8585
-83
-29.654
320.454
0
1621183730
42
25.8585
-83
-29.6539
320.454
0
1621183730
42
25.8585
-83
-29.6539
320.454
0
1621183730
42
25.8585
-83
-29.6539
320.454
0
1621183730
42
25.8585
-83
-29.6539
320.454
0
1621183730
42
25.8585
-83
-29.6539
320.454
0
1621183731
42
25.8585
-83
-29.6539
320.454
0
1621183731
42
25.8585
-83
-29.6539
320.454
0
1621183731
42
25.8585
-83
-29.6539
306.65
0
1621183731
42
25.8585
-83
-29.6539
306.65
0
1621183731
42
25.8585
-83
-29.6539
306.65
0
1621183731
42
25.8585
-83
-29.6538
306.65
0
1621183731
42
25.8585
-83
-29.6538
306.65
0
1621183731
42
25.8585
-83
-29.6538
306.65
0
1621183731
42
25.8585
-83
-29.6538
306.65
0
1621183731
42
25.8585
-83
-29.6538
306.65
0
1621183732
42
25.8585
-83
-29.6538
306.65
0
1621183732
42
25.8585
-83
-29.6538
306.65
0
1621183732
42
25.8585
-83
-29.6538
305.805
0
1621183732
42
25.8585
-83
-29.6538
305.805
0
1621183732
42
25.8585
-83
-29.6537
305.805
0
1621183732
42
25.8585
-83
-29.6537
305.805
0
1621183732
42
25.8585
-83
-29.6537
305.805
0
1621183732
42
25.8585
-83
-29.6537
305.805
0
1621183732
42
25.8585
-83
-29.6537
305.805
0
1621183733
42
25.8585
-83
-29.6537
305.805
0
1621183733
42
25.8585
-83
-29.6537
305.805
0
1621183733
42
25.8585
-83
-29.6537
305.805
0
1621183733
42
25.8585
-83
-29.6537
306.28
0
1621183733
42
25.8585
-83
-29.6536
306.28
0
1621183733
42
25.8585
-83
-29.6536
306.28
0
1621183733
42
25.8585
-83
-29.6536
306.28
0
1621183733
42
25.8585
-83
-29.6536
306.28
0
1621183733
42
25.8585
-83
-29.6536
306.28
0
1621183734
42
25.8585
-83
-29.6536
306.28
0
1621183734
42
25.8585
-83
-29.6536
306.28
0
1621183734
42
25.8585
-83
-29.6536
306.28
0
1621183734
42
25.8586
-83
-29.6536
309.121
0
1621183734
42
25.8586
-83
-29.6536
309.121
0
1621183734
42
25.8586
-83
-29.6535
309.121
0
1621183734
42
25.8586
-83
-29.6535
309.121
0
1621183734
42
25.8586
-83
-29.6535
309.121
0
1621183734
42
25.8586
-83
-29.6535
309.121
0
1621183734
42
25.8586
-83
-29.6535
309.121
0
1621183735
42
25.8586
-83
-29.6535
309.121
0
1621183735
42
25.8586
-83
-29.6535
309.121
0
1621183735
42
25.8586
-83
-29.6535
309.121
0
1621183735
42
25.8586
-83
-29.6535
311.956
0
1621183735
42
25.8586
-83
-29.6535
311.956
0
1621183735
42
25.8586
-83
-29.6534
311.956
0
1621183735
42
25.8586
-83
-29.6534
311.956
0
1621183735
42
25.8586
-83
-29.6534
311.956
0
1621183735
42
25.8586
-83
-29.6534
311.956
0
1621183736
42
25.8586
-83
-29.6534
311.956
0
1621183736
42
25.8586
-83
-29.6534
311.956
0
1621183736
42
25.8586
-83
-29.6534
311.956
0
1621183736
42
25.8586
-83
-29.6534
312.212
0
1621183736
42
25.8586
-83
-29.6534
312.212
0
1621183736
42
25.8586
-83
-29.6533
312.212
0
1621183736
42
25.8586
-83
-29.6533
312.212
0
1621183736
42
25.8586
-83
-29.6533
312.212
0
1621183736
42
25.8586
-83
-29.6533
312.212
0
1621183736
42
25.8586
-83
-29.6533
312.212
0
1621183737
42
25.8586
-83
-29.6533
312.212
0
1621183737
42
25.8586
-83
-29.6533
312.212
0
1621183737
42
25.8586
-83
-29.6533
312.212
0
1621183737
42
25.8586
-83
-29.6533
309.903
0
1621183737
42
25.8586
-83
-29.6532
309.903
0
1621183737
42
25.8586
-83
-29.6532
309.903
0
1621183737
42
25.8586
-83
-29.6532
309.903
0
1621183737
42
25.8586
-83
-29.6532
309.903
0
1621183737
42
25.8586
-83
-29.6532
309.903
0
1621183738
42
25.8586
-83
-29.6532
309.903
0
1621183738
42
25.8586
-83
-29.6532
309.903
0
1621183738
42
25.8586
-83
-29.6531
309.903
0
1621183738
42
25.8586
-83
-29.6531
337.018
0
1621183738
42
25.8586
-83
-29.6531
337.018
0
1621183738
42
25.8586
-83
-29.6531
337.018
0
1621183738
42
25.8586
-83
-29.6531
337.018
0
1621183738
42
25.8586
-83
-29.6531
337.018
0
1621183738
42
25.8586
-83
-29.6531
337.018
0
1621183738
42
25.8586
-83
-29.6531
337.018
0
1621183739
42
25.8586
-83
-29.653
337.018
0
1621183739
42
25.8586
-83
-29.653
337.018
0
1621183739
42
25.8586
-83
-29.653
8.54651
0
1621183739
42
25.8586
-83
-29.653
8.54651
0
1621183739
42
25.8586
-83
-29.653
8.54651
0
1621183739
42
25.8586
-83
-29.653
8.54651
0
1621183739
42
25.8586
-83
-29.653
8.54651
0
1621183739
42
25.8586
-83
-29.653
8.54651
0
1621183739
42
25.8586
-83
-29.653
8.54651
0
1621183740
42
25.8586
-83
-29.6529
8.54651
0
1621183740
42
25.8586
-83
-29.6529
8.54651
0
1621183740
42
25.8586
-83
-29.6529
8.54651
0
1621183740
42
25.8586
-83
-29.6529
26.2671
0
1621183740
42
25.8586
-83
-29.6529
26.2671
0
1621183740
42
25.8586
-83
-29.6529
26.2671
0
1621183740
42
25.8586
-83
-29.6529
26.2671
0
1621183740
42
25.8586
-83
-29.6529
26.2671
0
1621183740
42
25.8586
-83
-29.6529
26.2671
0
1621183740
42
25.8586
-83
-29.6529
26.2671
0
1621183741
42
25.8586
-83
-29.6528
26.2671
0
1621183741
42
25.8586
-83
-29.6528
26.2671
0
1621183741
42
25.8586
-83
-29.6528
26.2671
0
1621183741
42
25.8587
-83
-29.6528
36.7787
0
1621183741
42
25.8587
-83
-29.6528
36.7787
0
1621183741
42
25.8587
-83
-29.6528
36.7787
0
1621183741
42
25.8587
-83
-29.6528
36.7787
0
1621183741
42
25.8587
-83
-29.6528
36.7787
0
1621183741
42
25.8587
-83
-29.6528
36.7787
0
1621183742
42
25.8587
-83
-29.6528
36.7787
0
1621183742
42
25.8587
-83
-29.6527
36.7787
0
1621183742
42
25.8587
-83
-29.6527
36.7787
0
1621183742
42
25.8587
-83
-29.6527
50.4487
0
1621183742
42
25.8587
-83
-29.6527
50.4487
0
1621183742
42
25.8587
-83
-29.6527
50.4487
0
1621183742
42
25.8587
-83
-29.6527
50.4487
0
1621183742
42
25.8587
-83
-29.6527
50.4487
0
1621183742
42
25.8587
-83
-29.6527
50.4487
0
1621183742
42
25.8587
-83
-29.6527
50.4487
0
1621183743
42
25.8587
-83
-29.6527
50.4487
0
1621183743
42
25.8587
-83
-29.6526
50.4487
0
1621183743
42
25.8587
-83
-29.6526
50.4487
0
1621183743
42
25.8587
-83
-29.6526
66.2665
0
1621183743
42
25.8587
-83
-29.6526
66.2665
0
1621183743
42
25.8587
-83
-29.6526
66.2665
0
1621183743
42
25.8587
-83
-29.6526
66.2665
0
1621183743
42
25.8587
-83
-29.6526
66.2665
0
1621183743
42
25.8587
-83
-29.6526
66.2665
0
1621183744
42
25.8587
-83
-29.6526
66.2665
0
1621183744
42
25.8587
-83
-29.6526
66.2665
0
1621183744
42
25.8587
-83
-29.6525
66.2665
0
1621183744
42
25.8587
-83
-29.6525
65.7256
0
1621183744
42
25.8587
-83
-29.6525
65.7256
0
1621183744
42
25.8587
-83
-29.6525
65.7256
0
1621183744
42
25.8587
-83
-29.6525
65.7256
0
1621183744
42
25.8587
-83
-29.6525
65.7256
0
1621183744
42
25.8587
-83
-29.6525
65.7256
0
1621183744
42
25.8588
-83
-29.6525
65.7256
0
1621183745
42
25.8588
-83
-29.6524
65.7256
0
1621183745
42
25.8588
-83
-29.6524
65.7256
0
1621183745
42
25.8588
-83
-29.6524
65.7256
0
1621183745
42
25.8588
-83
-29.6524
74.6603
0
1621183745
42
25.8588
-83
-29.6524
74.6603
0
1621183745
42
25.8588
-83
-29.6524
74.6603
0
1621183745
42
25.8588
-83
-29.6524
74.6603
0
1621183745
42
25.8588
-83
-29.6524
74.6603
0
1621183745
42
25.8588
-83
-29.6523
74.6603
0
1621183746
42
25.8588
-83
-29.6523
74.6603
0
1621183746
42
25.8588
-83
-29.6523
74.6603
0
1621183746
42
25.8588
-83
-29.6523
74.6603
0
1621183746
42
25.8588
-83
-29.6523
76.712
0
1621183746
42
25.8588
-83
-29.6523
76.712
0
1621183746
42
25.8588
-83
-29.6523
76.712
0
1621183746
42
25.8588
-83
-29.6523
76.712
0
1621183746
42
25.8588
-83
-29.6523
76.712
0
1621183746
42
25.8588
-83
-29.6523
76.712
0
1621183746
42
25.8588
-83
-29.6523
76.712
0
1621183747
42
25.8588
-83
-29.6522
76.712
0
1621183747
42
25.8588
-83
-29.6522
76.712
0
1621183747
42
25.8588
-83
-29.6522
76.712
0
1621183747
42
25.8588
-83
-29.6522
64.5188
0
1621183747
42
25.8588
-83
-29.6522
64.5188
0
1621183747
42
25.8588
-83
-29.6522
64.5188
0
1621183747
42
25.8588
-83
-29.6522
64.5188
0
1621183747
42
25.8588
-83
-29.6522
64.5188
0
1621183747
42
25.8588
-83
-29.6522
64.5188
0
1621183747
42
25.8588
-83
-29.6522
64.5188
0
1621183748
42
25.8588
-83
-29.6522
64.5188
0
1621183748
42
25.8588
-83
-29.6522
64.5188
0
1621183748
42
25.8588
-83
-29.6521
54.4527
0
1621183748
42
25.8588
-83
-29.6521
54.4527
0
1621183748
42
25.8588
-83
-29.6521
54.4527
0
1621183748
42
25.8588
-83
-29.6521
54.4527
0
1621183748
42
25.8588
-83
-29.6521
54.4527
0
1621183748
42
25.8588
-83
-29.6521
54.4527
0
1621183748
42
25.8588
-83
-29.6521
54.4527
0
1621183749
42
25.8588
-83
-29.6521
54.4527
0
1621183749
42
25.8588
-83
-29.6521
54.4527
0
1621183749
42
25.8588
-83
-29.6521
54.4527
0
1621183749
42
25.8588
-83
-29.652
28.203
0
1621183749
42
25.8588
-83
-29.652
28.203
0
1621183749
42
25.8588
-83
-29.652
28.203
0
1621183749
42
25.8588
-83
-29.652
28.203
0
1621183749
42
25.8588
-83
-29.652
28.203
0
1621183749
42
25.8588
-83
-29.652
28.203
0
1621183749
42
25.8588
-83
-29.652
28.203
0
1621183750
42
25.8588
-83
-29.652
28.203
0
1621183750
42
25.8588
-83
-29.652
28.203
0
1621183750
42
25.8588
-83
-29.652
28.203
0
1621183750
42
25.8588
-83
-29.652
18.7609
0
1621183750
42
25.8588
-83
-29.6519
18.7609
0
1621183750
42
25.8588
-83
-29.6519
18.7609
0
1621183750
42
25.8588
-83
-29.6519
18.7609
0
1621183750
42
25.8588
-83
-29.6519
18.7609
0
1621183750
42
25.8588
-83
-29.6519
18.7609
0
1621183751
42
25.8587
-83
-29.6519
18.7609
0
1621183751
42
25.8587
-83
-29.6519
18.7609
0
1621183751
42
25.8587
-83
-29.6519
18.7609
0
1621183751
42
25.8587
-83
-29.6519
11.3916
0
1621183751
42
25.8587
-83
-29.6518
11.3916
0
1621183751
42
25.8587
-83
-29.6518
11.3916
0
1621183751
42
25.8587
-83
-29.6518
11.3916
0
1621183751
42
25.8587
-83
-29.6518
11.3916
0
1621183751
42
25.8587
-83
-29.6518
11.3916
0
1621183751
42
25.8587
-83
-29.6518
11.3916
0
1621183752
42
25.8587
-83
-29.6518
11.3916
0
1621183752
42
25.8587
-83
-29.6518
11.3916
0
1621183752
42
25.8587
-83
-29.6517
11.3916
0
1621183752
42
25.8587
-83
-29.6517
1.0381
0
1621183752
42
25.8587
-83
-29.6517
1.0381
0
1621183752
42
25.8587
-83
-29.6517
1.0381
0
1621183752
42
25.8587
-83
-29.6517
1.0381
0
1621183752
42
25.8587
-83
-29.6517
1.0381
0
1621183752
42
25.8587
-83
-29.6517
1.0381
0
1621183753
42
25.8587
-83
-29.6516
1.0381
0
1621183753
42
25.8587
-83
-29.6516
1.0381
0
1621183753
42
25.8587
-83
-29.6516
1.0381
0
1621183753
42
25.8587
-83
-29.6516
1.0381
0
1621183753
42
25.8587
-83
-29.6516
346.852
0
1621183753
42
25.8587
-83
-29.6516
346.852
0
1621183753
42
25.8587
-83
-29.6516
346.852
0
1621183753
42
25.8587
-83
-29.6515
346.852
0
1621183753
42
25.8587
-83
-29.6515
346.852
0
1621183753
42
25.8587
-83
-29.6515
346.852
0
1621183754
42
25.8587
-83
-29.6515
346.852
0
1621183754
42
25.8587
-83
-29.6515
346.852
0
1621183754
42
25.8587
-83
-29.6515
346.852
0
1621183754
42
25.8587
-83
-29.6515
330.651
0
1621183754
42
25.8586
-83
-29.6514
330.651
0
1621183754
42
25.8586
-83
-29.6514
330.651
0
1621183754
42
25.8586
-83
-29.6514
330.651
0
1621183754
42
25.8586
-83
-29.6514
330.651
0
1621183754
42
25.8586
-83
-29.6514
330.651
0
1621183754
42
25.8586
-83
-29.6514
330.651
0
1621183755
42
25.8586
-83
-29.6513
330.651
0
1621183755
42
25.8586
-83
-29.6513
330.651
0
1621183755
42
25.8586
-83
-29.6513
330.651
0
1621183755
42
25.8586
-83
-29.6513
337.166
0
1621183755
42
25.8586
-83
-29.6513
337.166
0
1621183755
42
25.8586
-83
-29.6513
337.166
0
1621183755
42
25.8586
-83
-29.6512
337.166
0
1621183755
42
25.8586
-83
-29.6512
337.166
0
1621183755
42
25.8586
-83
-29.6512
337.166
0
1621183756
42
25.8586
-83
-29.6512
337.166
0
1621183756
42
25.8586
-83
-29.6512
337.166
0
1621183756
42
25.8586
-83
-29.6512
337.166
0
1621183756
42
25.8586
-83
-29.6511
352.786
0
1621183756
42
25.8586
-83
-29.6511
352.786
0
1621183756
42
25.8586
-83
-29.6511
352.786
0
1621183756
42
25.8586
-83
-29.6511
352.786
0
1621183756
42
25.8586
-83
-29.6511
352.786
0
1621183756
42
25.8586
-83
-29.6511
352.786
0
1621183756
42
25.8586
-83
-29.651
352.786
0
1621183757
42
25.8586
-83
-29.651
352.786
0
1621183757
42
25.8586
-83
-29.651
352.786
0
1621183757
42
25.8586
-83
-29.651
352.786
0
1621183757
42
25.8586
-83
-29.651
13.9865
0
1621183757
42
25.8586
-83
-29.651
13.9865
0
1621183757
42
25.8586
-83
-29.651
13.9865
0
1621183757
42
25.8586
-83
-29.6509
13.9865
0
1621183757
42
25.8586
-83
-29.6509
13.9865
0
1621183757
42
25.8586
-83
-29.6509
13.9865
0
1621183758
42
25.8586
-83
-29.6509
13.9865
0
1621183758
42
25.8586
-83
-29.6509
13.9865
0
1621183758
42
25.8586
-83
-29.6509
13.9865
0
1621183758
42
25.8586
-83
-29.6509
13.9865
0
1621183758
42
25.8586
-83
-29.6509
33.9115
0
1621183758
42
25.8586
-83
-29.6508
33.9115
0
1621183758
42
25.8586
-83
-29.6508
33.9115
0
1621183758
42
25.8586
-83
-29.6508
33.9115
0
1621183758
42
25.8586
-83
-29.6508
33.9115
0
1621183758
42
25.8586
-83
-29.6508
33.9115
0
1621183759
42
25.8586
-83
-29.6508
33.9115
0
1621183759
42
25.8586
-83
-29.6508
33.9115
0
1621183759
42
25.8586
-83
-29.6508
33.9115
0
1621183759
42
25.8586
-83
-29.6507
55.8612
0
1621183759
42
25.8586
-83
-29.6507
55.8612
0
1621183759
42
25.8586
-83
-29.6507
55.8612
0
1621183759
42
25.8586
-83
-29.6507
55.8612
0
1621183759
42
25.8586
-83
-29.6507
55.8612
0
1621183759
42
25.8586
-83
-29.6507
55.8612
0
1621183759
42
25.8586
-83
-29.6507
55.8612
0
1621183760
42
25.8586
-83
-29.6506
55.8612
0
1621183760
42
25.8586
-83
-29.6506
55.8612
0
1621183760
42
25.8586
-83
-29.6506
55.8612
0
1621183760
42
25.8586
-83
-29.6506
73.6275
0
1621183760
42
25.8586
-83
-29.6506
73.6275
0
1621183760
42
25.8586
-83
-29.6506
73.6275
0
1621183760
42
25.8586
-83
-29.6506
73.6275
0
1621183760
42
25.8586
-83
-29.6505
73.6275
0
1621183760
42
25.8586
-83
-29.6505
73.6275
0
1621183761
42
25.8586
-83
-29.6505
73.6275
0
1621183761
42
25.8586
-83
-29.6505
73.6275
0
1621183761
42
25.8586
-83
-29.6505
73.6275
0
1621183761
42
25.8586
-83
-29.6505
73.6275
0
1621183761
42
25.8586
-83
-29.6505
80.9517
0
1621183761
42
25.8586
-83
-29.6504
80.9517
0
1621183761
42
25.8586
-83
-29.6504
80.9517
0
1621183761
42
25.8586
-83
-29.6504
80.9517
0
1621183761
42
25.8586
-83
-29.6504
80.9517
0
1621183761
42
25.8586
-83
-29.6504
80.9517
0
1621183762
42
25.8586
-83
-29.6504
80.9517
0
1621183762
42
25.8586
-83
-29.6503
80.9517
0
1621183762
42
25.8586
-83
-29.6503
80.9517
0
1621183762
42
25.8586
-83
-29.6503
83.3503
0
1621183762
42
25.8586
-83
-29.6503
83.3503
0
1621183762
42
25.8586
-83
-29.6503
83.3503
0
1621183762
42
25.8586
-83
-29.6503
83.3503
0
1621183762
42
25.8586
-83
-29.6503
83.3503
0
1621183762
42
25.8586
-83
-29.6503
83.3503
0
1621183763
42
25.8586
-83
-29.6502
83.3503
0
1621183763
42
25.8586
-83
-29.6502
83.3503
0
1621183763
42
25.8586
-83
-29.6502
83.3503
0
1621183763
42
25.8586
-83
-29.6502
83.3503
0
1621183763
42
25.8586
-83
-29.6502
84.9008
0
1621183763
42
25.8586
-83
-29.6502
84.9008
0
1621183763
42
25.8586
-83
-29.6502
84.9008
0
1621183763
42
25.8586
-83
-29.6502
84.9008
0
1621183763
42
25.8586
-83
-29.6501
84.9008
0
1621183763
42
25.8586
-83
-29.6501
84.9008
0
1621183764
42
25.8586
-83
-29.6501
84.9008
0
1621183764
42
25.8586
-83
-29.6501
84.9008
0
1621183764
42
25.8586
-83
-29.6501
84.9008
0
1621183764
42
25.8586
-83
-29.6501
86.8195
0
1621183764
42
25.8586
-83
-29.6501
86.8195
0
1621183764
42
25.8586
-83
-29.65
86.8195
0
1621183764
42
25.8586
-83
-29.65
86.8195
0
1621183764
42
25.8586
-83
-29.65
86.8195
0
1621183764
42
25.8586
-83
-29.65
86.8195
0
1621183764
42
25.8586
-83
-29.65
86.8195
0
1621183765
42
25.8587
-83
-29.65
86.8195
0
1621183765
42
25.8587
-83
-29.6499
86.8195
0
1621183765
42
25.8587
-83
-29.6499
86.8195
0
1621183765
42
25.8587
-83
-29.6499
91.9419
0
1621183765
42
25.8587
-83
-29.6499
91.9419
0
1621183765
42
25.8587
-83
-29.6499
91.9419
0
1621183765
42
25.8587
-83
-29.6499
91.9419
0
1621183765
42
25.8587
-83
-29.6499
91.9419
0
1621183765
42
25.8587
-83
-29.6498
91.9419
0
1621183766
42
25.8587
-83
-29.6498
91.9419
0
1621183766
42
25.8587
-83
-29.6498
91.9419
0
1621183766
42
25.8587
-83
-29.6498
91.9419
0
1621183766
42
25.8587
-83
-29.6498
91.9419
0
1621183766
42
25.8587
-83
-29.6498
91.9409
0
1621183766
42
25.8587
-83
-29.6498
91.9409
0
1621183766
42
25.8587
-83
-29.6497
91.9409
0
1621183766
42
25.8587
-83
-29.6497
91.9409
0
1621183766
42
25.8587
-83
-29.6497
91.9409
0
1621183766
42
25.8587
-83
-29.6497
91.9409
0
1621183767
42
25.8587
-83
-29.6497
91.9409
0
1621183767
42
25.8587
-83
-29.6497
91.9409
0
1621183767
42
25.8587
-83
-29.6497
91.9409
0
1621183767
42
25.8587
-83
-29.6497
92.1985
0
1621183767
42
25.8587
-83
-29.6497
92.1985
0
1621183767
42
25.8587
-83
-29.6496
92.1985
0
1621183767
42
25.8587
-83
-29.6496
92.1985
0
1621183767
42
25.8587
-83
-29.6496
92.1985
0
1621183767
42
25.8587
-83
-29.6496
92.1985
0
1621183768
42
25.8587
-83
-29.6496
92.1985
0
1621183768
42
25.8587
-83
-29.6496
92.1985
0
1621183768
42
25.8587
-83
-29.6496
92.1985
0
1621183768
42
25.8587
-83
-29.6496
92.1985
0
1621183768
42
25.8587
-83
-29.6496
88.2269
0
1621183768
42
25.8587
-83
-29.6495
88.2269
0
1621183768
42
25.8587
-83
-29.6495
88.2269
0
1621183768
42
25.8587
-83
-29.6495
88.2269
0
1621183768
42
25.8587
-83
-29.6495
88.2269
0
1621183768
42
25.8587
-83
-29.6495
88.2269
0
1621183769
42
25.8587
-83
-29.6495
88.2269
0
1621183769
42
25.8587
-83
-29.6495
88.2269
0
1621183769
42
25.8587
-83
-29.6495
88.2269
0
1621183769
42
25.8587
-83
-29.6495
88.2269
0
1621183769
42
25.8587
-83
-29.6494
88.3634
0
1621183769
42
25.8587
-83
-29.6494
88.3634
0
1621183769
42
25.8587
-83
-29.6494
88.3634
0
1621183769
42
25.8587
-83
-29.6494
88.3634
0
1621183769
42
25.8587
-83
-29.6494
88.3634
0
1621183769
42
25.8587
-83
-29.6494
88.3634
0
1621183770
42
25.8587
-83
-29.6494
88.3634
0
1621183770
42
25.8587
-83
-29.6493
88.3634
0
1621183770
42
25.8587
-83
-29.6493
88.3634
0
1621183770
42
25.8587
-83
-29.6493
92.5945
0
1621183770
42
25.8587
-83
-29.6493
92.5945
0
1621183770
42
25.8587
-83
-29.6493
92.5945
0
1621183770
42
25.8587
-83
-29.6492
92.5945
0
1621183770
42
25.8587
-83
-29.6492
92.5945
0
1621183770
42
25.8587
-83
-29.6492
92.5945
0
1621183771
42
25.8586
-83
-29.6492
92.5945
0
1621183771
42
25.8586
-83
-29.6492
92.5945
0
1621183771
42
25.8586
-83
-29.6491
92.5945
0
1621183771
42
25.8586
-83
-29.6491
92.5945
0
1621183771
42
25.8586
-83
-29.6491
94.6151
0
1621183771
42
25.8586
-83
-29.6491
94.6151
0
1621183771
42
25.8586
-83
-29.6491
94.6151
0
1621183771
42
25.8586
-83
-29.6491
94.6151
0
1621183771
42
25.8586
-83
-29.649
94.6151
0
1621183771
42
25.8586
-83
-29.649
94.6151
0
1621183772
42
25.8586
-83
-29.649
94.6151
0
1621183772
42
25.8586
-83
-29.649
94.6151
0
1621183772
42
25.8586
-83
-29.649
94.6151
0
1621183772
